left enc cnt, left enc delta, left pid setpt, left pid out, right enc cnt, right enc delta, right pid setpt, right pid out
0, 0, 3.627, 36.280, 0, 0, 3.627, 36.280
0, 0, 7.255, 108.840, 0, 0, 7.255, 108.840
1, 1, 10.883, 192.680, 1, 1, 10.883, 192.680
5, 4, 14.511, 252.799, 6, 5, 14.511, 227.799
18, 13, 18.140, 169.199, 16, 10, 18.140, 234.199
36, 18, 18.140, 95.599, 34, 17, 18.140, 140.599
54, 18, 18.140, 96.999, 53, 20, 18.140, 76.999
70, 16, 18.140, 148.399, 72, 19, 18.140, 83.399
87, 17, 18.140, 144.799, 89, 17, 18.140, 124.799
103, 16, 18.140, 181.199, 106, 17, 18.140, 136.199
121, 18, 18.140, 152.599, 122, 16, 18.140, 172.599
139, 18, 18.140, 153.999, 139, 17, 18.140, 168.999
157, 18, 18.140, 155.399, 157, 18, 18.140, 155.399
175, 18, 18.140, 156.799, 175, 18, 18.140, 156.799
193, 18, 18.140, 158.199, 193, 18, 18.140, 158.199
211, 18, 18.140, 159.599, 211, 18, 18.140, 159.599
230, 19, 18.140, 135.999, 230, 18, 18.140, 160.999
248, 18, 18.140, 152.399, 248, 19, 18.140, 137.399
267, 19, 18.140, 128.799, 267, 18, 18.140, 153.799
285, 18, 18.140, 145.199, 285, 19, 18.140, 130.199
303, 18, 18.140, 146.599, 303, 18, 18.140, 146.599
321, 18, 18.140, 147.999, 321, 18, 18.140, 147.999
339, 18, 18.140, 149.399, 339, 18, 18.140, 149.399
357, 18, 18.140, 150.799, 357, 18, 18.140, 150.799
375, 18, 18.140, 152.199, 376, 19, 18.140, 127.199
393, 18, 18.140, 153.599, 394, 18, 18.140, 143.599
412, 19, 18.140, 129.999, 412, 17, 18.140, 169.999
430, 18, 18.140, 146.399, 430, 19, 18.140, 131.399
448, 18, 18.140, 147.799, 448, 18, 18.140, 147.799
466, 18, 18.140, 149.199, 466, 18, 18.140, 149.199
484, 18, 18.140, 150.599, 484, 18, 18.140, 150.599
502, 18, 18.140, 151.999, 502, 18, 18.140, 151.999
520, 18, 18.140, 153.399, 521, 19, 18.140, 128.399
538, 18, 18.140, 154.799, 539, 18, 18.140, 144.799
557, 19, 18.140, 131.199, 557, 18, 18.140, 146.199
575, 18, 18.140, 147.599, 576, 18, 18.140, 147.599
593, 18, 18.140, 148.999, 594, 19, 18.140, 123.999
611, 18, 18.140, 150.399, 612, 18, 18.140, 140.399
629, 18, 18.140, 151.799, 630, 18, 18.140, 141.799
648, 19, 18.140, 128.199, 647, 17, 18.140, 168.199
666, 18, 18.140, 144.599, 665, 18, 18.140, 154.599
684, 18, 18.140, 145.999, 684, 19, 18.140, 130.999
702, 18, 18.140, 147.399, 702, 18, 18.140, 147.399
720, 18, 18.140, 148.799, 720, 18, 18.140, 148.799
737, 17, 18.140, 175.199, 738, 18, 18.140, 150.199
756, 19, 18.140, 136.599, 756, 18, 18.140, 151.599
775, 18, 18.140, 152.999, 774, 18, 18.140, 152.999
793, 19, 18.140, 129.399, 792, 18, 18.140, 154.399
812, 18, 18.140, 145.799, 810, 18, 18.140, 155.799
830, 19, 18.140, 122.199, 829, 18, 18.140, 157.199
848, 18, 18.140, 138.599, 847, 19, 18.140, 133.599
866, 18, 18.140, 139.999, 865, 18, 18.140, 149.999
883, 17, 18.140, 166.399, 883, 18, 18.140, 151.399
902, 19, 18.140, 127.799, 901, 18, 18.140, 152.799
920, 18, 18.140, 144.199, 918, 17, 18.140, 179.199
938, 18, 18.140, 145.599, 937, 19, 18.140, 140.599
957, 19, 18.140, 121.999, 955, 18, 18.140, 156.999
975, 18, 18.140, 138.399, 973, 18, 18.140, 158.399
993, 18, 18.140, 139.799, 992, 19, 18.140, 134.799
1011, 18, 18.140, 141.199, 1010, 18, 18.140, 151.199
1029, 18, 18.140, 142.599, 1028, 18, 18.140, 152.599
1046, 17, 18.140, 168.999, 1046, 18, 18.140, 153.999
1065, 18, 18.140, 155.399, 1064, 18, 18.140, 155.399
1083, 19, 18.140, 131.799, 1081, 17, 18.140, 181.799
1102, 19, 18.140, 123.199, 1100, 19, 18.140, 143.199
1120, 18, 18.140, 139.599, 1118, 18, 18.140, 159.599
1138, 18, 18.140, 140.999, 1137, 19, 18.140, 135.999
1156, 18, 18.140, 142.399, 1155, 18, 18.140, 152.399
1175, 19, 18.140, 118.799, 1173, 18, 18.140, 153.799
1193, 18, 18.140, 135.199, 1192, 18, 18.140, 155.199
1211, 18, 18.140, 136.599, 1210, 19, 18.140, 131.599
1228, 17, 18.140, 162.999, 1228, 18, 18.140, 147.999
1247, 18, 18.140, 149.399, 1247, 19, 18.140, 124.399
1265, 19, 18.140, 125.799, 1265, 18, 18.140, 140.799
1283, 18, 18.140, 142.199, 1283, 18, 18.140, 142.199
1301, 18, 18.140, 143.599, 1300, 17, 18.140, 168.599
1319, 18, 18.140, 144.999, 1319, 19, 18.140, 129.999
1338, 19, 18.140, 121.399, 1337, 18, 18.140, 146.399
1356, 18, 18.140, 137.799, 1355, 17, 18.140, 172.799
1373, 17, 18.140, 164.199, 1373, 19, 18.140, 134.199
1392, 19, 18.140, 125.599, 1391, 18, 18.140, 150.599
1410, 18, 18.140, 141.999, 1409, 18, 18.140, 151.999
1428, 18, 18.140, 143.399, 1428, 19, 18.140, 128.399
1446, 18, 18.140, 144.799, 1446, 18, 18.140, 144.799
1463, 17, 18.140, 171.199, 1464, 18, 18.140, 146.199
1482, 19, 18.140, 132.599, 1482, 18, 18.140, 147.599
1500, 18, 18.140, 148.999, 1500, 18, 18.140, 148.999
1518, 18, 18.140, 150.399, 1519, 19, 18.140, 125.399
1536, 18, 18.140, 151.799, 1537, 18, 18.140, 141.799
1554, 18, 18.140, 153.199, 1555, 17, 18.140, 168.199
1573, 19, 18.140, 129.599, 1573, 19, 18.140, 129.599
1590, 17, 18.140, 170.999, 1591, 18, 18.140, 145.999
1609, 19, 18.140, 132.399, 1609, 18, 18.140, 147.399
1627, 18, 18.140, 148.799, 1627, 18, 18.140, 148.799
1645, 18, 18.140, 150.199, 1645, 17, 18.140, 175.199
1663, 18, 18.140, 151.599, 1663, 19, 18.140, 136.599
1682, 19, 18.140, 127.999, 1681, 18, 18.140, 152.999
1700, 18, 18.140, 144.399, 1700, 19, 18.140, 129.399
1718, 18, 18.140, 145.799, 1718, 18, 18.140, 145.799
1735, 17, 18.140, 172.199, 1737, 19, 18.140, 122.199
1754, 18, 18.140, 158.599, 1755, 18, 18.140, 138.599
1772, 19, 18.140, 134.999, 1773, 18, 18.140, 139.999
1791, 18, 18.140, 151.399, 1790, 17, 18.140, 166.399
1809, 19, 18.140, 127.799, 1808, 18, 18.140, 152.799
1827, 18, 18.140, 144.199, 1827, 19, 18.140, 129.199
1845, 18, 18.140, 145.599, 1845, 18, 18.140, 145.599
1862, 17, 18.140, 171.999, 1863, 18, 18.140, 146.999
1880, 18, 18.140, 158.399, 1881, 18, 18.140, 148.399
1899, 19, 18.140, 134.799, 1899, 17, 18.140, 174.799
1917, 18, 18.140, 151.199, 1917, 19, 18.140, 136.199
1935, 18, 18.140, 152.599, 1935, 18, 18.140, 152.599
1954, 19, 18.140, 128.999, 1953, 18, 18.140, 153.999
1972, 18, 18.140, 145.399, 1972, 19, 18.140, 130.399
1990, 18, 18.140, 146.799, 1990, 18, 18.140, 146.799
2007, 17, 18.140, 173.199, 2007, 17, 18.140, 173.199
2026, 19, 18.140, 134.599, 2025, 18, 18.140, 159.599
2044, 18, 18.140, 150.999, 2044, 19, 18.140, 135.999
2062, 18, 18.140, 152.399, 2062, 18, 18.140, 152.399
2081, 19, 18.140, 128.799, 2080, 17, 18.140, 178.799
2099, 18, 18.140, 145.199, 2098, 19, 18.140, 140.199
2117, 18, 18.140, 146.599, 2116, 18, 18.140, 156.599
2135, 18, 18.140, 147.999, 2134, 18, 18.140, 157.999
2152, 17, 18.140, 174.399, 2153, 19, 18.140, 134.399
2170, 18, 18.140, 160.799, 2171, 18, 18.140, 150.799
2189, 19, 18.140, 137.199, 2188, 17, 18.140, 177.199
2207, 18, 18.140, 153.599, 2206, 18, 18.140, 163.599
2226, 19, 18.140, 129.999, 2225, 19, 18.140, 139.999
2244, 18, 18.140, 146.399, 2243, 18, 18.140, 156.399
2262, 18, 18.140, 147.799, 2261, 18, 18.140, 157.799
2280, 18, 18.140, 149.199, 2279, 18, 18.140, 159.199
2299, 19, 18.140, 125.599, 2297, 18, 18.140, 160.599
2317, 17, 18.140, 166.999, 2315, 18, 18.140, 161.999
2335, 19, 18.140, 128.399, 2333, 18, 18.140, 163.399
2353, 18, 18.140, 144.799, 2352, 19, 18.140, 139.799
2371, 18, 18.140, 146.199, 2370, 18, 18.140, 156.199
2389, 18, 18.140, 147.599, 2388, 18, 18.140, 157.599
2407, 18, 18.140, 148.999, 2406, 18, 18.140, 158.999
2425, 18, 18.140, 150.399, 2424, 17, 18.140, 185.399
2444, 19, 18.140, 126.799, 2442, 19, 18.140, 146.799
2461, 17, 18.140, 168.199, 2461, 18, 18.140, 163.199
2479, 18, 18.140, 154.599, 2479, 19, 18.140, 139.599
2498, 19, 18.140, 130.999, 2498, 19, 18.140, 130.999
2516, 18, 18.140, 147.399, 2516, 18, 18.140, 147.399
2535, 19, 18.140, 123.799, 2534, 18, 18.140, 148.799
2553, 18, 18.140, 140.199, 2552, 18, 18.140, 150.199
2571, 18, 18.140, 141.599, 2570, 18, 18.140, 151.599
2589, 18, 18.140, 142.999, 2588, 18, 18.140, 152.999
2607, 17, 18.140, 169.399, 2607, 19, 18.140, 129.399
2625, 19, 18.140, 130.799, 2625, 18, 18.140, 145.799
2643, 18, 18.140, 147.199, 2642, 17, 18.140, 172.199
2662, 19, 14.511, 87.319, 2661, 19, 14.511, 97.319
2680, 18, 10.883, 31.159, 2679, 18, 10.883, 41.159
2696, 16, 7.255, 0.0, 2696, 17, 7.255, 0.0
2711, 15, 3.627, 0.0, 2712, 15, 3.627, 0.0
2725, 14, 0.0, 0.0, 2725, 14, 0.0, 0.0
